# Q [GeV], alpha_s(Q) of CT25NNLO member 0 from LHAPDF (alphasQ); above QMax = 1e5 GeV LHAPDF freezes it
5.000000000000e+00 2.125723316088e-01
5.042226441291e+00 2.120768732795e-01
5.084809497051e+00 2.115876140678e-01
5.127752178992e+00 2.111040141062e-01
5.171057524260e+00 2.106255335266e-01
5.214728595652e+00 2.101516324615e-01
5.258768481831e+00 2.096817710430e-01
5.303180297543e+00 2.092154094033e-01
5.347967183841e+00 2.087520076747e-01
5.393132308304e+00 2.082910259894e-01
5.438678865262e+00 2.078319244796e-01
5.484610076023e+00 2.073741632776e-01
5.530929189099e+00 2.069172025155e-01
5.577639480437e+00 2.064605023257e-01
5.624744253650e+00 2.060035228403e-01
5.672246840250e+00 2.055457241915e-01
5.720150599888e+00 2.050865665117e-01
5.768458920585e+00 2.046255113191e-01
5.817175218975e+00 2.041641173172e-01
5.866302940547e+00 2.037041250017e-01
5.915845559890e+00 2.032455689008e-01
5.965806580935e+00 2.027884835428e-01
6.016189537203e+00 2.023329034558e-01
6.066997992061e+00 2.018788631681e-01
6.118235538966e+00 2.014263972079e-01
6.169905801724e+00 2.009755401035e-01
6.222012434746e+00 2.005263263831e-01
6.274559123303e+00 2.000787905749e-01
6.327549583793e+00 1.996329672072e-01
6.380987563996e+00 1.991888908082e-01
6.434876843346e+00 1.987465959061e-01
6.489221233194e+00 1.983061170291e-01
6.544024577080e+00 1.978674887056e-01
6.599290751002e+00 1.974307454636e-01
6.655023663694e+00 1.969959218316e-01
6.711227256899e+00 1.965630523376e-01
6.767905505650e+00 1.961321715099e-01
6.825062418550e+00 1.957033138768e-01
6.882702038055e+00 1.952765139665e-01
6.940828440762e+00 1.948518063071e-01
6.999445737695e+00 1.944292254271e-01
7.058558074597e+00 1.940088058545e-01
7.118169632224e+00 1.935905255154e-01
7.178284626639e+00 1.931742686029e-01
7.238907309511e+00 1.927600073049e-01
7.300041968414e+00 1.923477171486e-01
7.361692927135e+00 1.919373736611e-01
7.423864545973e+00 1.915289523695e-01
7.486561222053e+00 1.911224288010e-01
7.549787389636e+00 1.907177784828e-01
7.613547520430e+00 1.903149769420e-01
7.677846123908e+00 1.899139997056e-01
7.742687747626e+00 1.895148223010e-01
7.808076977548e+00 1.891174202552e-01
7.874018438366e+00 1.887217690954e-01
7.940516793829e+00 1.883278443488e-01
8.007576747072e+00 1.879356215424e-01
8.075203040950e+00 1.875450762034e-01
8.143400458375e+00 1.871561838590e-01
8.212173822648e+00 1.867689200364e-01
8.281527997807e+00 1.863832602626e-01
8.351467888967e+00 1.859991800648e-01
8.421998442668e+00 1.856166549702e-01
8.493124647227e+00 1.852356605059e-01
8.564851533085e+00 1.848561721991e-01
8.637184173171e+00 1.844781655769e-01
8.710127683253e+00 1.841016161664e-01
8.783687222304e+00 1.837265177629e-01
8.857867992866e+00 1.833530694036e-01
8.932675241419e+00 1.829813165303e-01
9.008114258750e+00 1.826112394603e-01
9.084190380328e+00 1.822428185106e-01
9.160908986682e+00 1.818760339985e-01
9.238275503782e+00 1.815108662411e-01
9.316295403420e+00 1.811472955557e-01
9.394974203601e+00 1.807853022593e-01
9.474317468929e+00 1.804248666691e-01
9.554330811004e+00 1.800659691024e-01
9.635019888817e+00 1.797085898763e-01
9.716390409152e+00 1.793527093079e-01
9.798448126986e+00 1.789983077145e-01
9.881198845902e+00 1.786453654132e-01
9.964648418492e+00 1.782938627212e-01
1.004880274678e+01 1.779437799556e-01
1.013366778262e+01 1.775950974336e-01
1.021924952816e+01 1.772477954724e-01
1.030555403621e+01 1.769018543892e-01
1.039258741071e+01 1.765572545010e-01
1.048035580714e+01 1.762139761252e-01
1.056886543298e+01 1.758719995789e-01
1.065812254812e+01 1.755313051792e-01
1.074813346533e+01 1.751918732434e-01
1.083890455068e+01 1.748536840885e-01
1.093044222402e+01 1.745167180317e-01
1.102275295939e+01 1.741810039502e-01
1.111584328553e+01 1.738467118154e-01
1.120971978631e+01 1.735138447883e-01
1.130438910120e+01 1.731823874319e-01
1.139985792574e+01 1.728523243088e-01
1.149613301203e+01 1.725236399821e-01
1.159322116917e+01 1.721963190146e-01
1.169112926378e+01 1.718703459691e-01
1.178986422048e+01 1.715457054085e-01
1.188943302235e+01 1.712223818957e-01
1.198984271145e+01 1.709003599935e-01
1.209110038932e+01 1.705796242649e-01
1.219321321746e+01 1.702601592726e-01
1.229618841788e+01 1.699419495796e-01
1.240003327355e+01 1.696249797486e-01
1.250475512895e+01 1.693092343427e-01
1.261036139061e+01 1.689946979246e-01
1.271685952760e+01 1.686813550572e-01
1.282425707205e+01 1.683691903034e-01
1.293256161972e+01 1.680581882260e-01
1.304178083051e+01 1.677483333880e-01
1.315192242903e+01 1.674396103520e-01
1.326299420509e+01 1.671320036812e-01
1.337500401432e+01 1.668254979382e-01
1.348795977868e+01 1.665200776860e-01
1.360186948702e+01 1.662157274875e-01
1.371674119569e+01 1.659124319055e-01
1.383258302905e+01 1.656101755028e-01
1.394940318009e+01 1.653089743566e-01
1.406720991097e+01 1.650089728987e-01
1.418601155366e+01 1.647101804962e-01
1.430581651047e+01 1.644125846589e-01
1.442663325467e+01 1.641161728970e-01
1.454847033110e+01 1.638209327204e-01
1.467133635676e+01 1.635268516390e-01
1.479524002143e+01 1.632339171630e-01
1.492019008826e+01 1.629421168022e-01
1.504619539442e+01 1.626514380668e-01
1.517326485171e+01 1.623618684666e-01
1.530140744720e+01 1.620733955118e-01
1.543063224385e+01 1.617860067122e-01
1.556094838116e+01 1.614996895779e-01
1.569236507581e+01 1.612144316189e-01
1.582489162233e+01 1.609302203452e-01
1.595853739373e+01 1.606470432668e-01
1.609331184220e+01 1.603648878936e-01
1.622922449974e+01 1.600837417358e-01
1.636628497885e+01 1.598035923032e-01
1.650450297321e+01 1.595244271059e-01
1.664388825838e+01 1.592462336539e-01
1.678445069246e+01 1.589689994572e-01
1.692620021681e+01 1.586927120258e-01
1.706914685676e+01 1.584173588696e-01
1.721330072228e+01 1.581429274988e-01
1.735867200876e+01 1.578694054232e-01
1.750527099765e+01 1.575967801529e-01
1.765310805727e+01 1.573250391978e-01
1.780219364346e+01 1.570541704089e-01
1.795253830041e+01 1.567842601101e-01
1.810415266132e+01 1.565153755863e-01
1.825704744922e+01 1.562475071230e-01
1.841123347767e+01 1.559806450058e-01
1.856672165158e+01 1.557147795201e-01
1.872352296794e+01 1.554499009514e-01
1.888164851661e+01 1.551859995854e-01
1.904110948112e+01 1.549230657075e-01
1.920191713945e+01 1.546610896033e-01
1.936408286480e+01 1.544000615583e-01
1.952761812645e+01 1.541399718580e-01
1.969253449052e+01 1.538808107880e-01
1.985884362083e+01 1.536225686337e-01
2.002655727968e+01 1.533652356808e-01
2.019568732873e+01 1.531088022146e-01
2.036624572979e+01 1.528532585208e-01
2.053824454572e+01 1.525985948849e-01
2.071169594123e+01 1.523448015924e-01
2.088661218377e+01 1.520918689289e-01
2.106300564440e+01 1.518397871798e-01
2.124088879865e+01 1.515885466307e-01
2.142027422741e+01 1.513381375671e-01
2.160117461783e+01 1.510885502746e-01
2.178360276420e+01 1.508397750386e-01
2.196757156884e+01 1.505918021448e-01
2.215309404307e+01 1.503446218785e-01
2.234018330808e+01 1.500982245254e-01
2.252885259586e+01 1.498526003710e-01
2.271911525016e+01 1.496077397008e-01
2.291098472742e+01 1.493636328004e-01
2.310447459772e+01 1.491202706529e-01
2.329959854575e+01 1.488777299844e-01
2.349637037177e+01 1.486360622092e-01
2.369480399258e+01 1.483952593911e-01
2.389491344252e+01 1.481553135938e-01
2.409671287445e+01 1.479162168809e-01
2.430021656075e+01 1.476779613163e-01
2.450543889434e+01 1.474405389637e-01
2.471239438970e+01 1.472039418866e-01
2.492109768387e+01 1.469681621489e-01
2.513156353752e+01 1.467331918142e-01
2.534380683597e+01 1.464990229464e-01
2.555784259026e+01 1.462656476089e-01
2.577368593820e+01 1.460330578657e-01
2.599135214542e+01 1.458012457804e-01
2.621085660651e+01 1.455702034166e-01
2.643221484605e+01 1.453399228382e-01
2.665544251973e+01 1.451103961088e-01
2.688055541545e+01 1.448816152921e-01
2.710756945448e+01 1.446535724519e-01
2.733650069250e+01 1.444262596519e-01
2.756736532082e+01 1.441996689557e-01
2.780017966747e+01 1.439737924271e-01
2.803496019840e+01 1.437486221297e-01
2.827172351858e+01 1.435241501274e-01
2.851048637325e+01 1.433003684838e-01
2.875126564905e+01 1.430772692626e-01
2.899407837525e+01 1.428548445275e-01
2.923894172491e+01 1.426330863423e-01
2.948587301614e+01 1.424119867706e-01
2.973488971331e+01 1.421915378762e-01
2.998600942826e+01 1.419717317228e-01
3.023924992160e+01 1.417525603740e-01
3.049462910390e+01 1.415340363329e-01
3.075216503701e+01 1.413162438096e-01
3.101187593531e+01 1.410991875656e-01
3.127378016701e+01 1.408828614130e-01
3.153789625545e+01 1.406672591642e-01
3.180424288038e+01 1.404523746313e-01
3.207283887934e+01 1.402382016265e-01
3.234370324893e+01 1.400247339622e-01
3.261685514621e+01 1.398119654505e-01
3.289231389000e+01 1.395998899037e-01
3.317009896228e+01 1.393885011341e-01
3.345023000957e+01 1.391777929538e-01
3.373272684430e+01 1.389677591751e-01
3.401760944624e+01 1.387583936102e-01
3.430489796387e+01 1.385496900714e-01
3.459461271584e+01 1.383416423710e-01
3.488677419241e+01 1.381342443210e-01
3.518140305686e+01 1.379274897339e-01
3.547852014700e+01 1.377213724218e-01
3.577814647662e+01 1.375158861969e-01
3.608030323696e+01 1.373110248715e-01
3.638501179824e+01 1.371067822578e-01
3.669229371115e+01 1.369031521682e-01
3.700217070840e+01 1.367001284147e-01
3.731466470621e+01 1.364977048096e-01
3.762979780591e+01 1.362958751653e-01
3.794759229548e+01 1.360946332938e-01
3.826807065112e+01 1.358939730075e-01
3.859125553886e+01 1.356938881186e-01
3.891716981613e+01 1.354943724393e-01
3.924583653342e+01 1.352954197819e-01
3.957727893588e+01 1.350970239586e-01
3.991152046497e+01 1.348991787816e-01
4.024858476012e+01 1.347018780631e-01
4.058849566040e+01 1.345051248159e-01
4.093127720622e+01 1.343089902079e-01
4.127695364101e+01 1.341134863260e-01
4.162554941293e+01 1.339186079934e-01
4.197708917663e+01 1.337243500328e-01
4.233159779496e+01 1.335307072672e-01
4.268910034077e+01 1.333376745195e-01
4.304962209863e+01 1.331452466127e-01
4.341318856666e+01 1.329534183697e-01
4.377982545832e+01 1.327621846134e-01
4.414955870421e+01 1.325715401668e-01
4.452241445394e+01 1.323814798527e-01
4.489841907795e+01 1.321919984940e-01
4.527759916940e+01 1.320030909138e-01
4.565998154603e+01 1.318147519349e-01
4.604559325205e+01 1.316269763803e-01
4.643446156008e+01 1.314397590729e-01
4.682661397307e+01 1.312530948356e-01
4.722207822623e+01 1.310669784913e-01
4.762088228900e+01 1.308814048630e-01
4.802305436705e+01 1.306963687736e-01
4.842862290422e+01 1.305118650460e-01
4.883761658459e+01 1.303278885031e-01
4.925006433449e+01 1.301444339679e-01
4.966599532453e+01 1.299614962633e-01
5.008543897168e+01 1.297790702123e-01
5.050842494133e+01 1.295971506376e-01
5.093498314943e+01 1.294157323624e-01
5.136514376455e+01 1.292348102094e-01
5.179893721007e+01 1.290543790016e-01
5.223639416628e+01 1.288744335620e-01
5.267754557258e+01 1.286949687135e-01
5.312242262968e+01 1.285159792790e-01
5.357105680176e+01 1.283374600813e-01
5.402347981875e+01 1.281594059436e-01
5.447972367853e+01 1.279818116886e-01
5.493982064922e+01 1.278046853074e-01
5.540380327146e+01 1.276280872519e-01
5.587170436069e+01 1.274520223618e-01
5.634355700949e+01 1.272764866858e-01
5.681939458993e+01 1.271014762727e-01
5.729925075590e+01 1.269269871714e-01
5.778315944551e+01 1.267530154306e-01
5.827115488350e+01 1.265795570991e-01
5.876327158363e+01 1.264066082257e-01
5.925954435115e+01 1.262341648592e-01
5.976000828525e+01 1.260622230483e-01
6.026469878153e+01 1.258907788420e-01
6.077365153453e+01 1.257198282888e-01
6.128690254025e+01 1.255493674378e-01
6.180448809865e+01 1.253793923375e-01
6.232644481630e+01 1.252098990369e-01
6.285280960888e+01 1.250408835848e-01
6.338361970387e+01 1.248723420298e-01
6.391891264311e+01 1.247042704208e-01
6.445872628554e+01 1.245366648066e-01
6.500309880977e+01 1.243695212360e-01
6.555206871690e+01 1.242028357578e-01
6.610567483314e+01 1.240366044207e-01
6.666395631261e+01 1.238708232736e-01
6.722695264010e+01 1.237054883652e-01
6.779470363387e+01 1.235405957444e-01
6.836724944843e+01 1.233761414599e-01
6.894463057745e+01 1.232121215605e-01
6.952688785653e+01 1.230485320949e-01
7.011406246617e+01 1.228853691121e-01
7.070619593466e+01 1.227226286608e-01
7.130333014097e+01 1.225603067897e-01
7.190550731778e+01 1.223983995477e-01
7.251277005443e+01 1.222369029836e-01
7.312516129994e+01 1.220758131461e-01
7.374272436605e+01 1.219151260840e-01
7.436550293026e+01 1.217548378462e-01
7.499354103898e+01 1.215949444813e-01
7.562688311055e+01 1.214354698025e-01
7.626557393849e+01 1.212764544113e-01
7.690965869458e+01 1.211178955536e-01
7.755918293210e+01 1.209597899111e-01
7.821419258903e+01 1.208021341656e-01
7.887473399133e+01 1.206449249991e-01
7.954085385618e+01 1.204881590932e-01
8.021259929530e+01 1.203318331299e-01
8.089001781829e+01 1.201759437908e-01
8.157315733597e+01 1.200204877578e-01
8.226206616381e+01 1.198654617128e-01
8.295679302528e+01 1.197108623375e-01
8.365738705535e+01 1.195566863137e-01
8.436389780396e+01 1.194029303232e-01
8.507637523950e+01 1.192495910480e-01
8.579486975237e+01 1.190966651696e-01
8.651943215850e+01 1.189441493701e-01
8.725011370302e+01 1.187920403311e-01
8.798696606380e+01 1.186403347345e-01
8.873004135517e+01 1.184890292621e-01
8.947939213158e+01 1.183381205958e-01
9.023507139130e+01 1.181876054172e-01
9.099713258020e+01 1.180374804082e-01
9.176562959551e+01 1.178877422507e-01
9.254061678964e+01 1.177383876265e-01
9.332214897403e+01 1.175894132172e-01
9.411028142299e+01 1.174408157049e-01
9.490506987767e+01 1.172925917712e-01
9.570657054995e+01 1.171447380979e-01
9.651484012645e+01 1.169972513670e-01
9.732993577251e+01 1.168501282602e-01
9.815191513626e+01 1.167033654592e-01
9.898083635269e+01 1.165569596460e-01
9.981675804772e+01 1.164109075023e-01
1.006597393424e+02 1.162652057099e-01
1.015098398572e+02 1.161198509506e-01
1.023671197158e+02 1.159748399063e-01
1.032316395500e+02 1.158301692588e-01
1.041034605033e+02 1.156858356898e-01
1.049826442360e+02 1.155418388115e-01
1.058692529287e+02 1.153982198401e-01
1.067633492873e+02 1.152549910375e-01
1.076649965475e+02 1.151121497811e-01
1.085742584786e+02 1.149696934487e-01
1.094911993889e+02 1.148276194178e-01
1.104158841295e+02 1.146859250661e-01
1.113483780992e+02 1.145446077712e-01
1.122887472494e+02 1.144036649106e-01
1.132370580880e+02 1.142630938620e-01
1.141933776851e+02 1.141228920031e-01
1.151577736768e+02 1.139830567114e-01
1.161303142707e+02 1.138435853645e-01
1.171110682503e+02 1.137044753401e-01
1.181001049799e+02 1.135657240157e-01
1.190974944097e+02 1.134273287691e-01
1.201033070809e+02 1.132892869777e-01
1.211176141299e+02 1.131515960192e-01
1.221404872944e+02 1.130142532713e-01
1.231719989176e+02 1.128772561115e-01
1.242122219538e+02 1.127406019174e-01
1.252612299734e+02 1.126042880668e-01
1.263190971681e+02 1.124683119371e-01
1.273858983562e+02 1.123326709060e-01
1.284617089878e+02 1.121973623511e-01
1.295466051504e+02 1.120623836500e-01
1.306406635737e+02 1.119277321803e-01
1.317439616359e+02 1.117934053197e-01
1.328565773682e+02 1.116594004458e-01
1.339785894610e+02 1.115257149361e-01
1.351100772695e+02 1.113923461683e-01
1.362511208186e+02 1.112592915201e-01
1.374018008094e+02 1.111265483689e-01
1.385621986245e+02 1.109941140925e-01
1.397323963335e+02 1.108619860684e-01
1.409124766996e+02 1.107301616743e-01
1.421025231845e+02 1.105986382877e-01
1.433026199550e+02 1.104674132864e-01
1.445128518887e+02 1.103364840478e-01
1.457333045799e+02 1.102058479496e-01
1.469640643459e+02 1.100755023695e-01
1.482052182329e+02 1.099454446850e-01
1.494568540222e+02 1.098156869810e-01
1.507190602366e+02 1.096862628073e-01
1.519919261463e+02 1.095571716466e-01
1.532755417755e+02 1.094284113559e-01
1.545699979088e+02 1.092999797922e-01
1.558753860972e+02 1.091718748124e-01
1.571917986651e+02 1.090440942734e-01
1.585193287167e+02 1.089166360323e-01
1.598580701422e+02 1.087894979460e-01
1.612081176250e+02 1.086626778715e-01
1.625695666479e+02 1.085361736657e-01
1.639425135002e+02 1.084099831856e-01
1.653270552845e+02 1.082841042882e-01
1.667232899233e+02 1.081585348304e-01
1.681313161660e+02 1.080332726692e-01
1.695512335963e+02 1.079083156615e-01
1.709831426385e+02 1.077836616643e-01
1.724271445654e+02 1.076593085346e-01
1.738833415048e+02 1.075352541294e-01
1.753518364471e+02 1.074114963055e-01
1.768327332525e+02 1.072880329200e-01
1.783261366583e+02 1.071648618298e-01
1.798321522864e+02 1.070419808919e-01
1.813508866505e+02 1.069193879633e-01
1.828824471642e+02 1.067970809009e-01
1.844269421478e+02 1.066750575616e-01
1.859844808369e+02 1.065533158025e-01
1.875551733891e+02 1.064318534805e-01
1.891391308927e+02 1.063106684526e-01
1.907364653740e+02 1.061897585757e-01
1.923472898054e+02 1.060691217068e-01
1.939717181135e+02 1.059487557028e-01
1.956098651869e+02 1.058286584208e-01
1.972618468846e+02 1.057088277176e-01
1.989277800439e+02 1.055892614503e-01
2.006077824889e+02 1.054699574757e-01
2.023019730388e+02 1.053509136510e-01
2.040104715164e+02 1.052321278330e-01
2.057333987560e+02 1.051135978786e-01
2.074708766129e+02 1.049953216449e-01
2.092230279710e+02 1.048772969889e-01
2.109899767525e+02 1.047595217674e-01
2.127718479258e+02 1.046419938375e-01
2.145687675147e+02 1.045247113003e-01
2.163808626076e+02 1.044076984674e-01
2.182082613659e+02 1.042909713472e-01
2.200510930335e+02 1.041745282160e-01
2.219094879457e+02 1.040583673498e-01
2.237835775386e+02 1.039424870246e-01
2.256734943584e+02 1.038268855166e-01
2.275793720704e+02 1.037115611019e-01
2.295013454692e+02 1.035965120566e-01
2.314395504873e+02 1.034817366568e-01
2.333941242056e+02 1.033672331785e-01
2.353652048622e+02 1.032529998979e-01
2.373529318633e+02 1.031390350911e-01
2.393574457918e+02 1.030253370342e-01
2.413788884182e+02 1.029119040032e-01
2.434174027104e+02 1.027987342742e-01
2.454731328433e+02 1.026858261234e-01
2.475462242098e+02 1.025731778269e-01
2.496368234305e+02 1.024607876607e-01
2.517450783643e+02 1.023486539010e-01
2.538711381186e+02 1.022367748238e-01
2.560151530605e+02 1.021251487052e-01
2.581772748266e+02 1.020137738214e-01
2.603576563342e+02 1.019026484485e-01
2.625564517922e+02 1.017917708624e-01
2.647738167116e+02 1.016811393394e-01
2.670099079170e+02 1.015707521555e-01
2.692648835571e+02 1.014606075869e-01
2.715389031166e+02 1.013507039095e-01
2.738321274267e+02 1.012410393996e-01
2.761447186772e+02 1.011316123332e-01
2.784768404274e+02 1.010224209864e-01
2.808286576180e+02 1.009134636353e-01
2.832003365828e+02 1.008047385560e-01
2.855920450601e+02 1.006962440246e-01
2.880039522048e+02 1.005879783173e-01
2.904362286007e+02 1.004799397100e-01
2.928890462719e+02 1.003721264789e-01
2.953625786953e+02 1.002645369001e-01
2.978570008131e+02 1.001571692497e-01
3.003724890447e+02 1.000500218038e-01
3.029092212995e+02 9.994309283849e-02
3.054673769894e+02 9.983638062984e-02
3.080471370416e+02 9.972988345397e-02
3.106486839110e+02 9.962359958698e-02
3.132722015937e+02 9.951752730495e-02
3.159178756394e+02 9.941166621067e-02
3.185858931651e+02 9.930604072985e-02
3.212764428679e+02 9.920065953533e-02
3.239897150385e+02 9.909552123400e-02
3.267259015747e+02 9.899062443273e-02
3.294851959949e+02 9.888596773838e-02
3.322677934519e+02 9.878154975784e-02
3.350738907465e+02 9.867736909797e-02
3.379036863417e+02 9.857342436565e-02
3.407573803764e+02 9.846971416776e-02
3.436351746798e+02 9.836623711116e-02
3.465372727856e+02 9.826299180274e-02
3.494638799465e+02 9.815997684936e-02
3.524152031485e+02 9.805719085790e-02
3.553914511256e+02 9.795463243523e-02
3.583928343749e+02 9.785230018822e-02
3.614195651709e+02 9.775019272375e-02
3.644718575809e+02 9.764830864870e-02
3.675499274802e+02 9.754664656993e-02
3.706539925670e+02 9.744520509432e-02
3.737842723783e+02 9.734398282874e-02
3.769409883049e+02 9.724297838007e-02
3.801243636075e+02 9.714219035517e-02
3.833346234321e+02 9.704161736094e-02
3.865719948264e+02 9.694125800422e-02
3.898367067552e+02 9.684111089191e-02
3.931289901174e+02 9.674117463088e-02
3.964490777616e+02 9.664144782799e-02
3.997972045030e+02 9.654192909012e-02
4.031736071399e+02 9.644261702414e-02
4.065785244703e+02 9.634351023694e-02
4.100121973090e+02 9.624460733538e-02
4.134748685047e+02 9.614590692633e-02
4.169667829567e+02 9.604740761667e-02
4.204881876329e+02 9.594910801327e-02
4.240393315866e+02 9.585100672301e-02
4.276204659747e+02 9.575310235276e-02
4.312318440750e+02 9.565539350939e-02
4.348737213043e+02 9.555787879978e-02
4.385463552366e+02 9.546055683081e-02
4.422500056212e+02 9.536342620933e-02
4.459849344009e+02 9.526648554223e-02
4.497514057307e+02 9.516973343638e-02
4.535496859966e+02 9.507316849866e-02
4.573800438343e+02 9.497678933593e-02
4.612427501480e+02 9.488059455508e-02
4.651380781301e+02 9.478458276297e-02
4.690663032797e+02 9.468875256648e-02
4.730277034231e+02 9.459310281477e-02
4.770225587327e+02 9.449765151151e-02
4.810511517468e+02 9.440240970918e-02
4.851137673903e+02 9.430737627635e-02
4.892106929939e+02 9.421255008159e-02
4.933422183153e+02 9.411792999347e-02
4.975086355589e+02 9.402351488058e-02
5.017102393971e+02 9.392930361149e-02
5.059473269909e+02 9.383529505476e-02
5.102201980108e+02 9.374148807898e-02
5.145291546582e+02 9.364788155271e-02
5.188745016866e+02 9.355447434453e-02
5.232565464231e+02 9.346126532303e-02
5.276755987907e+02 9.336825335676e-02
5.321319713293e+02 9.327543731430e-02
5.366259792186e+02 9.318281606424e-02
5.411579402999e+02 9.309038847513e-02
5.457281750990e+02 9.299815341557e-02
5.503370068483e+02 9.290610975411e-02
5.549847615103e+02 9.281425635934e-02
5.596717678002e+02 9.272259209983e-02
5.643983572092e+02 9.263111584416e-02
5.691648640283e+02 9.253982646089e-02
5.739716253715e+02 9.244872281860e-02
5.788189811998e+02 9.235780378587e-02
5.837072743454e+02 9.226706823126e-02
5.886368505356e+02 9.217651502337e-02
5.936080584178e+02 9.208614303075e-02
5.986212495835e+02 9.199595112198e-02
6.036767785938e+02 9.190593816564e-02
6.087750030038e+02 9.181610303030e-02
6.139162833885e+02 9.172644458454e-02
6.191009833682e+02 9.163696169692e-02
6.243294696336e+02 9.154765323603e-02
6.296021119728e+02 9.145851807044e-02
6.349192832964e+02 9.136955506872e-02
6.402813596645e+02 9.128076309944e-02
6.456887203133e+02 9.119214103118e-02
6.511417476814e+02 9.110368773252e-02
6.566408274375e+02 9.101540207203e-02
6.621863485073e+02 9.092728291828e-02
6.677787031011e+02 9.083932913984e-02
6.734182867415e+02 9.075153960530e-02
6.791054982914e+02 9.066391318322e-02
6.848407399822e+02 9.057644874218e-02
6.906244174423e+02 9.048914515076e-02
6.964569397258e+02 9.040200127752e-02
7.023387193412e+02 9.031501599104e-02
7.082701722809e+02 9.022818815990e-02
7.142517180505e+02 9.014151665267e-02
7.202837796984e+02 9.005500033792e-02
7.263667838457e+02 8.996864235804e-02
7.325011607164e+02 8.988246191698e-02
7.386873441682e+02 8.979646069962e-02
7.449257717224e+02 8.971063778579e-02
7.512168845955e+02 8.962499225536e-02
7.575611277304e+02 8.953952318819e-02
7.639589498273e+02 8.945422966412e-02
7.704108033760e+02 8.936911076302e-02
7.769171446878e+02 8.928416556473e-02
7.834784339274e+02 8.919939314913e-02
7.900951351460e+02 8.911479259606e-02
7.967677163137e+02 8.903036298537e-02
8.034966493528e+02 8.894610339693e-02
8.102824101711e+02 8.886201291059e-02
8.171254786956e+02 8.877809060620e-02
8.240263389063e+02 8.869433556362e-02
8.309854788707e+02 8.861074686271e-02
8.380033907782e+02 8.852732358332e-02
8.450805709747e+02 8.844406480531e-02
8.522175199980e+02 8.836096960854e-02
8.594147426130e+02 8.827803707286e-02
8.666727478478e+02 8.819526627812e-02
8.739920490289e+02 8.811265630418e-02
8.813731638183e+02 8.803020623090e-02
8.888166142498e+02 8.794791513813e-02
8.963229267658e+02 8.786578210574e-02
9.038926322548e+02 8.778380621357e-02
9.115262660887e+02 8.770198654147e-02
9.192243681607e+02 8.762032216932e-02
9.269874829238e+02 8.753881217696e-02
9.348161594289e+02 8.745745564424e-02
9.427109513637e+02 8.737625165103e-02
9.506724170921e+02 8.729519927718e-02
9.587011196936e+02 8.721429760254e-02
9.667976270029e+02 8.713354570698e-02
9.749625116503e+02 8.705294267034e-02
9.831963511021e+02 8.697248757249e-02
9.914997277016e+02 8.689217949327e-02
9.998732287100e+02 8.681201751255e-02
1.008317446348e+03 8.673200071018e-02
1.016832977838e+03 8.665212816602e-02
1.025420425447e+03 8.657239895991e-02
1.034080396525e+03 8.649281217174e-02
1.042813503556e+03 8.641336688132e-02
1.051620364193e+03 8.633406216854e-02
1.060501601307e+03 8.625489711325e-02
1.069457843028e+03 8.617587079529e-02
1.078489722793e+03 8.609698229453e-02
1.087597879385e+03 8.601823069083e-02
1.096782956986e+03 8.593961506403e-02
1.106045605214e+03 8.586113449400e-02
1.115386479177e+03 8.578278806058e-02
1.124806239513e+03 8.570457484365e-02
1.134305552440e+03 8.562649634207e-02
1.143885089803e+03 8.554856896341e-02
1.153545529121e+03 8.547079534498e-02
1.163287553634e+03 8.539317474193e-02
1.173111852351e+03 8.531570640942e-02
1.183019120103e+03 8.523838960261e-02
1.193010057588e+03 8.516122357663e-02
1.203085371419e+03 8.508420758667e-02
1.213245774180e+03 8.500734088786e-02
1.223491984471e+03 8.493062273535e-02
1.233824726961e+03 8.485405238432e-02
1.244244732441e+03 8.477762908990e-02
1.254752737870e+03 8.470135210726e-02
1.265349486434e+03 8.462522069155e-02
1.276035727594e+03 8.454923409793e-02
1.286812217142e+03 8.447339158153e-02
1.297679717249e+03 8.439769239754e-02
1.308638996529e+03 8.432213580108e-02
1.319690830080e+03 8.424672104734e-02
1.330835999552e+03 8.417144739144e-02
1.342075293192e+03 8.409631408857e-02
1.353409505908e+03 8.402132039385e-02
1.364839439317e+03 8.394646556245e-02
1.376365901808e+03 8.387174884953e-02
1.387989708597e+03 8.379716951024e-02
1.399711681786e+03 8.372272679973e-02
1.411532650417e+03 8.364841997316e-02
1.423453450536e+03 8.357424828569e-02
1.435474925247e+03 8.350021099246e-02
1.447597924779e+03 8.342630734863e-02
1.459823306535e+03 8.335253660937e-02
1.472151935165e+03 8.327889802981e-02
1.484584682617e+03 8.320539086512e-02
1.497122428206e+03 8.313201437044e-02
1.509766058670e+03 8.305876780094e-02
1.522516468238e+03 8.298565041177e-02
1.535374558690e+03 8.291266145809e-02
1.548341239422e+03 8.283980019505e-02
1.561417427511e+03 8.276706587780e-02
1.574604047778e+03 8.269445776149e-02
1.587902032854e+03 8.262197510129e-02
1.601312323247e+03 8.254961715235e-02
1.614835867409e+03 8.247738316981e-02
1.628473621799e+03 8.240527240884e-02
1.642226550956e+03 8.233328412459e-02
1.656095627564e+03 8.226141757222e-02
1.670081832522e+03 8.218967200688e-02
1.684186155012e+03 8.211804668372e-02
1.698409592572e+03 8.204654085790e-02
1.712753151162e+03 8.197515378458e-02
1.727217845238e+03 8.190388471890e-02
1.741804697826e+03 8.183273291603e-02
1.756514740589e+03 8.176169763111e-02
1.771349013903e+03 8.169077811930e-02
1.786308566931e+03 8.161997363576e-02
1.801394457697e+03 8.154928343564e-02
1.816607753159e+03 8.147871140589e-02
1.831949529286e+03 8.140827096200e-02
1.847420871136e+03 8.133796246485e-02
1.863022872927e+03 8.126778530458e-02
1.878756638120e+03 8.119773887133e-02
1.894623279496e+03 8.112782255521e-02
1.910623919232e+03 8.105803574635e-02
1.926759688983e+03 8.098837783487e-02
1.943031729961e+03 8.091884821091e-02
1.959441193015e+03 8.084944626458e-02
1.975989238715e+03 8.078017138603e-02
1.992677037432e+03 8.071102296535e-02
2.009505769418e+03 8.064200039271e-02
2.026476624897e+03 8.057310305820e-02
2.043590804143e+03 8.050433035197e-02
2.060849517566e+03 8.043568166413e-02
2.078253985799e+03 8.036715638481e-02
2.095805439783e+03 8.029875390415e-02
2.113505120855e+03 8.023047361226e-02
2.131354280835e+03 8.016231489928e-02
2.149354182118e+03 8.009427715532e-02
2.167506097754e+03 8.002635977052e-02
2.185811311551e+03 7.995856213499e-02
2.204271118156e+03 7.989088363888e-02
2.222886823148e+03 7.982332367229e-02
2.241659743135e+03 7.975588162537e-02
2.260591205842e+03 7.968855688824e-02
2.279682550209e+03 7.962134885102e-02
2.298935126483e+03 7.955425690383e-02
2.318350296313e+03 7.948728043682e-02
2.337929432849e+03 7.942041884009e-02
2.357673920837e+03 7.935367150378e-02
2.377585156717e+03 7.928703781802e-02
2.397664548724e+03 7.922051717292e-02
2.417913516985e+03 7.915410895862e-02
2.438333493619e+03 7.908781256525e-02
2.458925922842e+03 7.902162738293e-02
2.479692261066e+03 7.895555280178e-02
2.500633977003e+03 7.888958821193e-02
2.521752551767e+03 7.882373300351e-02
2.543049478982e+03 7.875798656665e-02
2.564526264887e+03 7.869234829147e-02
2.586184428440e+03 7.862681756810e-02
2.608025501427e+03 7.856139378665e-02
2.630051028571e+03 7.849607633727e-02
2.652262567641e+03 7.843086461008e-02
2.674661689562e+03 7.836575799520e-02
2.697249978523e+03 7.830075588275e-02
2.720029032096e+03 7.823585766288e-02
2.743000461343e+03 7.817106272569e-02
2.766165890931e+03 7.810637046132e-02
2.789526959250e+03 7.804178025990e-02
2.813085318525e+03 7.797729151154e-02
2.836842634935e+03 7.791290360639e-02
2.860800588730e+03 7.784861593455e-02
2.884960874352e+03 7.778442788617e-02
2.909325200549e+03 7.772033885136e-02
2.933895290505e+03 7.765634822025e-02
2.958672881952e+03 7.759245548561e-02
2.983659727302e+03 7.752867012159e-02
3.008857593764e+03 7.746499827138e-02
3.034268263471e+03 7.740143944116e-02
3.059893533609e+03 7.733799313709e-02
3.085735216539e+03 7.727465886535e-02
3.111795139932e+03 7.721143613209e-02
3.138075146889e+03 7.714832444349e-02
3.164577096080e+03 7.708532330572e-02
3.191302861872e+03 7.702243222495e-02
3.218254334460e+03 7.695965070734e-02
3.245433420003e+03 7.689697825906e-02
3.272842040757e+03 7.683441438628e-02
3.300482135215e+03 7.677195859517e-02
3.328355658238e+03 7.670961039190e-02
3.356464581198e+03 7.664736928263e-02
3.384810892114e+03 7.658523477354e-02
3.413396595798e+03 7.652320637079e-02
3.442223713989e+03 7.646128358055e-02
3.471294285503e+03 7.639946590899e-02
3.500610366373e+03 7.633775286228e-02
3.530174029997e+03 7.627614394658e-02
3.559987367282e+03 7.621463866807e-02
3.590052486794e+03 7.615323653291e-02
3.620371514907e+03 7.609193704727e-02
3.650946595952e+03 7.603073971731e-02
3.681779892371e+03 7.596964404922e-02
3.712873584865e+03 7.590864954915e-02
3.744229872555e+03 7.584775572328e-02
3.775850973134e+03 7.578696207776e-02
3.807739123022e+03 7.572626811878e-02
3.839896577528e+03 7.566567335250e-02
3.872325611007e+03 7.560517728508e-02
3.905028517022e+03 7.554477942270e-02
3.938007608505e+03 7.548447927153e-02
3.971265217922e+03 7.542427633772e-02
4.004803697437e+03 7.536417012746e-02
4.038625419079e+03 7.530416014691e-02
4.072732774910e+03 7.524424590223e-02
4.107128177193e+03 7.518442689960e-02
4.141814058563e+03 7.512470264519e-02
4.176792872199e+03 7.506507264515e-02
4.212067092000e+03 7.500553640567e-02
4.247639212755e+03 7.494609343291e-02
4.283511750323e+03 7.488674323303e-02
4.319687241812e+03 7.482748531221e-02
4.356168245755e+03 7.476831917661e-02
4.392957342291e+03 7.470924433241e-02
4.430057133353e+03 7.465026028577e-02
4.467470242845e+03 7.459136654285e-02
4.505199316830e+03 7.453256260984e-02
4.543247023722e+03 7.447384799289e-02
4.581616054465e+03 7.441522219817e-02
4.620309122734e+03 7.435668473186e-02
4.659328965117e+03 7.429823510012e-02
4.698678341318e+03 7.423987280911e-02
4.738360034343e+03 7.418159736501e-02
4.778376850704e+03 7.412340827400e-02
4.818731620614e+03 7.406530504222e-02
4.859427198189e+03 7.400728717586e-02
4.900466461648e+03 7.394935418107e-02
4.941852313516e+03 7.389150556404e-02
4.983587680833e+03 7.383374333927e-02
5.025675515358e+03 7.377607769068e-02
5.068118793778e+03 7.371850941009e-02
5.110920517918e+03 7.366103809398e-02
5.154083714957e+03 7.360366333886e-02
5.197611437636e+03 7.354638474122e-02
5.241506764481e+03 7.348920189754e-02
5.285772800015e+03 7.343211440433e-02
5.330412674978e+03 7.337512185808e-02
5.375429546554e+03 7.331822385528e-02
5.420826598586e+03 7.326141999243e-02
5.466607041809e+03 7.320470986602e-02
5.512774114071e+03 7.314809307255e-02
5.559331080567e+03 7.309156920851e-02
5.606281234065e+03 7.303513787039e-02
5.653627895144e+03 7.297879865469e-02
5.701374412423e+03 7.292255115790e-02
5.749524162804e+03 7.286639497652e-02
5.798080551706e+03 7.281032970704e-02
5.847047013310e+03 7.275435494595e-02
5.896427010796e+03 7.269847028975e-02
5.946224036596e+03 7.264267533494e-02
5.996441612633e+03 7.258696967800e-02
6.047083290575e+03 7.253135291544e-02
6.098152652086e+03 7.247582464374e-02
6.149653309075e+03 7.242038445940e-02
6.201588903958e+03 7.236503195891e-02
6.253963109911e+03 7.230976673877e-02
6.306779631131e+03 7.225458839548e-02
6.360042203097e+03 7.219949652552e-02
6.413754592836e+03 7.214449072539e-02
6.467920599190e+03 7.208957059159e-02
6.522544053081e+03 7.203473572060e-02
6.577628817787e+03 7.197998570893e-02
6.633178789208e+03 7.192532015307e-02
6.689197896151e+03 7.187073864951e-02
6.745690100601e+03 7.181624079474e-02
6.802659398001e+03 7.176182618526e-02
6.860109817539e+03 7.170749441757e-02
6.918045422432e+03 7.165324508816e-02
6.976470310207e+03 7.159907779352e-02
7.035388613002e+03 7.154499213014e-02
7.094804497847e+03 7.149098769452e-02
7.154722166967e+03 7.143706408316e-02
7.215145858075e+03 7.138322089255e-02
7.276079844671e+03 7.132945771918e-02
7.337528436349e+03 7.127577415955e-02
7.399495979097e+03 7.122216981015e-02
7.461986855606e+03 7.116864426748e-02
7.525005485581e+03 7.111519712803e-02
7.588556326051e+03 7.106182798829e-02
7.652643871688e+03 7.100853644476e-02
7.717272655122e+03 7.095532209393e-02
7.782447247262e+03 7.090218453229e-02
7.848172257619e+03 7.084912335635e-02
7.914452334635e+03 7.079613816259e-02
7.981292166007e+03 7.074322854751e-02
8.048696479022e+03 7.069039410761e-02
8.116670040890e+03 7.063763443937e-02
8.185217659082e+03 7.058494913929e-02
8.254344181669e+03 7.053233780387e-02
8.324054497666e+03 7.047980002960e-02
8.394353537376e+03 7.042733541297e-02
8.465246272740e+03 7.037494355048e-02
8.536737717690e+03 7.032262403863e-02
8.608832928501e+03 7.027038236936e-02
8.681537004149e+03 7.021822455773e-02
8.754855086673e+03 7.016615027848e-02
8.828792361539e+03 7.011415920402e-02
8.903354058004e+03 7.006225100675e-02
8.978545449489e+03 7.001042535908e-02
9.054371853950e+03 6.995868193342e-02
9.130838634253e+03 6.990702040215e-02
9.207951198559e+03 6.985544043770e-02
9.285715000698e+03 6.980394171245e-02
9.364135540563e+03 6.975252389883e-02
9.443218364492e+03 6.970118666922e-02
9.522969065665e+03 6.964992969603e-02
9.603393284499e+03 6.959875265167e-02
9.684496709043e+03 6.954765520855e-02
9.766285075387e+03 6.949663703905e-02
9.848764168060e+03 6.944569781560e-02
9.931939820447e+03 6.939483721059e-02
1.001581791519e+04 6.934405489642e-02
1.010040438463e+04 6.929335054550e-02
1.018570521118e+04 6.924272383024e-02
1.027172642780e+04 6.919217442303e-02
1.035847411840e+04 6.914170199628e-02
1.044595441824e+04 6.909130622240e-02
1.053417351444e+04 6.904098677378e-02
1.062313764633e+04 6.899074332284e-02
1.071285310596e+04 6.894057554198e-02
1.080332623850e+04 6.889048310359e-02
1.089456344274e+04 6.884046568009e-02
1.098657117146e+04 6.879052294387e-02
1.107935593197e+04 6.874065456735e-02
1.117292428653e+04 6.869086022291e-02
1.126728285282e+04 6.864113958298e-02
1.136243830440e+04 6.859149231995e-02
1.145839737119e+04 6.854191810622e-02
1.155516683997e+04 6.849241661421e-02
1.165275355481e+04 6.844298751630e-02
1.175116441758e+04 6.839363048492e-02
1.185040638845e+04 6.834434519245e-02
1.195048648638e+04 6.829513131131e-02
1.205141178958e+04 6.824598851390e-02
1.215318943607e+04 6.819691647262e-02
1.225582662411e+04 6.814791485987e-02
1.235933061279e+04 6.809898334807e-02
1.246370872250e+04 6.805012160961e-02
1.256896833542e+04 6.800132931689e-02
1.267511689613e+04 6.795260614232e-02
1.278216191202e+04 6.790395175832e-02
1.289011095393e+04 6.785536583727e-02
1.299897165662e+04 6.780684805157e-02
1.310875171932e+04 6.775839807365e-02
1.321945890629e+04 6.771001557590e-02
1.333110104737e+04 6.766170023072e-02
1.344368603852e+04 6.761345171051e-02
1.355722184237e+04 6.756526968769e-02
1.367171648881e+04 6.751715383465e-02
1.378717807554e+04 6.746910382380e-02
1.390361476865e+04 6.742111932754e-02
1.402103480321e+04 6.737320001827e-02
1.413944648380e+04 6.732534556841e-02
1.425885818516e+04 6.727755565035e-02
1.437927835277e+04 6.722982993650e-02
1.450071550341e+04 6.718216809925e-02
1.462317822578e+04 6.713456981103e-02
1.474667518115e+04 6.708703474422e-02
1.487121510390e+04 6.703956257123e-02
1.499680680221e+04 6.699215296447e-02
1.512345915860e+04 6.694480567458e-02
1.525118113066e+04 6.689752674680e-02
1.537998175159e+04 6.685031993964e-02
1.550987013089e+04 6.680318498452e-02
1.564085545499e+04 6.675612161290e-02
1.577294698791e+04 6.670912955620e-02
1.590615407190e+04 6.666220854587e-02
1.604048612812e+04 6.661535831333e-02
1.617595265728e+04 6.656857859002e-02
1.631256324032e+04 6.652186910738e-02
1.645032753911e+04 6.647522959685e-02
1.658925529712e+04 6.642865978986e-02
1.672935634010e+04 6.638215941784e-02
1.687064057676e+04 6.633572821225e-02
1.701311799953e+04 6.628936590450e-02
1.715679868521e+04 6.624307222603e-02
1.730169279570e+04 6.619684690828e-02
1.744781057871e+04 6.615068968270e-02
1.759516236852e+04 6.610460028070e-02
1.774375858667e+04 6.605857843374e-02
1.789360974272e+04 6.601262387324e-02
1.804472643498e+04 6.596673633064e-02
1.819711935126e+04 6.592091553738e-02
1.835079926965e+04 6.587516122489e-02
1.850577705926e+04 6.582947312461e-02
1.866206368096e+04 6.578385096798e-02
1.881967018824e+04 6.573829448643e-02
1.897860772791e+04 6.569280341140e-02
1.913888754091e+04 6.564737747432e-02
1.930052096313e+04 6.560201640664e-02
1.946351942620e+04 6.555671993977e-02
1.962789445827e+04 6.551148780517e-02
1.979365768487e+04 6.546631973427e-02
1.996082082971e+04 6.542121545850e-02
2.012939571549e+04 6.537617470930e-02
2.029939426477e+04 6.533119721810e-02
2.047082850080e+04 6.528628271635e-02
2.064371054837e+04 6.524143093548e-02
2.081805263467e+04 6.519664160692e-02
2.099386709015e+04 6.515191446211e-02
2.117116634938e+04 6.510724923248e-02
2.134996295196e+04 6.506264564948e-02
2.153026954339e+04 6.501810344454e-02
2.171209887596e+04 6.497362234909e-02
2.189546380966e+04 6.492920209457e-02
2.208037731308e+04 6.488484241242e-02
2.226685246434e+04 6.484054303406e-02
2.245490245201e+04 6.479630369095e-02
2.264454057602e+04 6.475212411451e-02
2.283578024866e+04 6.470800403619e-02
2.302863499546e+04 6.466394318740e-02
2.322311845619e+04 6.461994129960e-02
2.341924438581e+04 6.457599810422e-02
2.361702665544e+04 6.453211333270e-02
2.381647925335e+04 6.448828671646e-02
2.401761628594e+04 6.444451798695e-02
2.422045197875e+04 6.440080687560e-02
2.442500067745e+04 6.435715311386e-02
2.463127684888e+04 6.431355643314e-02
2.483929508204e+04 6.427001656490e-02
2.504907008913e+04 6.422653324056e-02
2.526061670664e+04 6.418310619157e-02
2.547394989630e+04 6.413973514935e-02
2.568908474625e+04 6.409641984535e-02
2.590603647203e+04 6.405316001100e-02
2.612482041766e+04 6.400995537774e-02
2.634545205678e+04 6.396680567700e-02
2.656794699369e+04 6.392371064022e-02
2.679232096448e+04 6.388066999883e-02
2.701858983814e+04 6.383768348428e-02
2.724676961765e+04 6.379475082799e-02
2.747687644118e+04 6.375187176140e-02
2.770892658316e+04 6.370904929205e-02
2.794293645548e+04 6.366628879942e-02
2.817892260862e+04 6.362359016111e-02
2.841690173286e+04 6.358095315860e-02
2.865689065940e+04 6.353837757334e-02
2.889890636160e+04 6.349586318680e-02
2.914296595617e+04 6.345340978044e-02
2.938908670437e+04 6.341101713573e-02
2.963728601324e+04 6.336868503413e-02
2.988758143681e+04 6.332641325711e-02
3.013999067738e+04 6.328420158612e-02
3.039453158675e+04 6.324204980264e-02
3.065122216748e+04 6.319995768812e-02
3.091008057415e+04 6.315792502403e-02
3.117112511468e+04 6.311595159183e-02
3.143437425161e+04 6.307403717300e-02
3.169984660338e+04 6.303218154898e-02
3.196756094569e+04 6.299038450124e-02
3.223753621278e+04 6.294864581126e-02
3.250979149884e+04 6.290696526049e-02
3.278434605926e+04 6.286534263039e-02
3.306121931209e+04 6.282377770244e-02
3.334043083934e+04 6.278227025809e-02
3.362200038844e+04 6.274082007880e-02
3.390594787353e+04 6.269942694605e-02
3.419229337699e+04 6.265809064129e-02
3.448105715077e+04 6.261681094599e-02
3.477225961786e+04 6.257558764162e-02
3.506592137372e+04 6.253442050963e-02
3.536206318776e+04 6.249330933149e-02
3.566070600479e+04 6.245225388867e-02
3.596187094649e+04 6.241125396262e-02
3.626557931294e+04 6.237030933482e-02
3.657185258409e+04 6.232941978672e-02
3.688071242130e+04 6.228858509979e-02
3.719218066886e+04 6.224780505549e-02
3.750627935556e+04 6.220707943529e-02
3.782303069621e+04 6.216640802065e-02
3.814245709324e+04 6.212579059304e-02
3.846458113827e+04 6.208522693391e-02
3.878942561371e+04 6.204471682474e-02
3.911701349439e+04 6.200426004698e-02
3.944736794915e+04 6.196385638211e-02
3.978051234251e+04 6.192350561157e-02
4.011647023630e+04 6.188320751685e-02
4.045526539135e+04 6.184296187939e-02
4.079692176914e+04 6.180276848067e-02
4.114146353353e+04 6.176262710215e-02
4.148891505244e+04 6.172253752529e-02
4.183930089958e+04 6.168249953156e-02
4.219264585619e+04 6.164251290242e-02
4.254897491283e+04 6.160257741933e-02
4.290831327106e+04 6.156269286376e-02
4.327068634530e+04 6.152285901717e-02
4.363611976462e+04 6.148307566102e-02
4.400463937450e+04 6.144334257679e-02
4.437627123872e+04 6.140365954593e-02
4.475104164116e+04 6.136402634990e-02
4.512897708767e+04 6.132444277018e-02
4.551010430797e+04 6.128490858822e-02
4.589445025752e+04 6.124542358549e-02
4.628204211939e+04 6.120598754345e-02
4.667290730627e+04 6.116660024357e-02
4.706707346232e+04 6.112726146730e-02
4.746456846518e+04 6.108797099612e-02
4.786542042792e+04 6.104872861149e-02
4.826965770103e+04 6.100953409487e-02
4.867730887445e+04 6.097038722772e-02
4.908840277952e+04 6.093128779151e-02
4.950296849113e+04 6.089223556771e-02
4.992103532968e+04 6.085323033777e-02
5.034263286319e+04 6.081427188316e-02
5.076779090939e+04 6.077535998534e-02
5.119653953785e+04 6.073649442578e-02
5.162890907207e+04 6.069767498621e-02
5.206493009165e+04 6.065892728350e-02
5.250463343441e+04 6.062027550261e-02
5.294805019866e+04 6.058171777754e-02
5.339521174530e+04 6.054325224228e-02
5.384614970009e+04 6.050487703082e-02
5.430089595591e+04 6.046659027717e-02
5.475948267493e+04 6.042839011532e-02
5.522194229099e+04 6.039027467927e-02
5.568830751182e+04 6.035224210302e-02
5.615861132137e+04 6.031429052055e-02
5.663288698216e+04 6.027641806588e-02
5.711116803762e+04 6.023862287299e-02
5.759348831446e+04 6.020090307588e-02
5.807988192507e+04 6.016325680855e-02
5.857038326993e+04 6.012568220500e-02
5.906502704004e+04 6.008817739921e-02
5.956384821937e+04 6.005074052520e-02
6.006688208735e+04 6.001336971695e-02
6.057416422135e+04 5.997606310846e-02
6.108573049920e+04 5.993881883374e-02
6.160161710173e+04 5.990163502676e-02
6.212186051533e+04 5.986450982154e-02
6.264649753452e+04 5.982744135207e-02
6.317556526456e+04 5.979042775234e-02
6.370910112410e+04 5.975346715636e-02
6.424714284776e+04 5.971655769811e-02
6.478972848888e+04 5.967969751160e-02
6.533689642214e+04 5.964288473082e-02
6.588868534632e+04 5.960611748977e-02
6.644513428702e+04 5.956939392245e-02
6.700628259943e+04 5.953271216285e-02
6.757216997110e+04 5.949607034496e-02
6.814283642474e+04 5.945946660280e-02
6.871832232108e+04 5.942289907034e-02
6.929866836170e+04 5.938636588159e-02
6.988391559192e+04 5.934986517055e-02
7.047410540371e+04 5.931339507121e-02
7.106927953858e+04 5.927695371757e-02
7.166948009059e+04 5.924053924363e-02
7.227474950927e+04 5.920414978338e-02
7.288513060267e+04 5.916778347081e-02
7.350066654034e+04 5.913143843994e-02
7.412140085645e+04 5.909511282474e-02
7.474737745278e+04 5.905880475922e-02
7.537864060192e+04 5.902251237738e-02
7.601523495031e+04 5.898623381322e-02
7.665720552148e+04 5.894996720072e-02
7.730459771918e+04 5.891371067388e-02
7.795745733061e+04 5.887746236671e-02
7.861583052964e+04 5.884122041320e-02
7.927976388012e+04 5.880498294734e-02
7.994930433913e+04 5.876874810314e-02
8.062449926032e+04 5.873251401459e-02
8.130539639725e+04 5.869627881568e-02
8.199204390677e+04 5.866004064041e-02
8.268449035244e+04 5.862379762278e-02
8.338278470795e+04 5.858754789679e-02
8.408697636059e+04 5.855128959643e-02
8.479711511471e+04 5.851502085570e-02
8.551325119532e+04 5.847873980860e-02
8.623543525156e+04 5.844244458912e-02
8.696371836033e+04 5.840613333126e-02
8.769815202989e+04 5.836980416901e-02
8.843878820350e+04 5.833345523638e-02
8.918567926308e+04 5.829708466736e-02
8.993887803296e+04 5.826069059594e-02
9.069843778357e+04 5.822427115613e-02
9.146441223523e+04 5.818782448191e-02
9.223685556192e+04 5.815134870729e-02
9.301582239517e+04 5.811484196627e-02
9.380136782787e+04 5.807830239283e-02
9.459354741819e+04 5.804172812098e-02
9.539241719351e+04 5.800511728471e-02
9.619803365436e+04 5.796846801802e-02
9.701045377844e+04 5.793177845491e-02
9.782973502466e+04 5.789504672937e-02
9.865593533717e+04 5.785827097540e-02
9.948911314947e+04 5.782144932700e-02
1.003293273886e+05 5.779900000000e-02
1.011766374791e+05 5.779900000000e-02
1.020311033476e+05 5.779900000000e-02
1.028927854267e+05 5.779900000000e-02
1.037617446593e+05 5.779900000000e-02
1.046380425031e+05 5.779900000000e-02
1.055217409349e+05 5.779900000000e-02
1.064129024546e+05 5.779900000000e-02
1.073115900902e+05 5.779900000000e-02
1.082178674019e+05 5.779900000000e-02
1.091317984868e+05 5.779900000000e-02
1.100534479832e+05 5.779900000000e-02
1.109828810752e+05 5.779900000000e-02
1.119201634976e+05 5.779900000000e-02
1.128653615403e+05 5.779900000000e-02
1.138185420529e+05 5.779900000000e-02
1.147797724496e+05 5.779900000000e-02
1.157491207142e+05 5.779900000000e-02
1.167266554042e+05 5.779900000000e-02
1.177124456565e+05 5.779900000000e-02
1.187065611917e+05 5.779900000000e-02
1.197090723191e+05 5.779900000000e-02
1.207200499420e+05 5.779900000000e-02
1.217395655623e+05 5.779900000000e-02
1.227676912859e+05 5.779900000000e-02
1.238044998276e+05 5.779900000000e-02
1.248500645163e+05 5.779900000000e-02
1.259044593002e+05 5.779900000000e-02
1.269677587520e+05 5.779900000000e-02
1.280400380741e+05 5.779900000000e-02
1.291213731042e+05 5.779900000000e-02
1.302118403204e+05 5.779900000000e-02
1.313115168465e+05 5.779900000000e-02
1.324204804579e+05 5.779900000000e-02
1.335388095867e+05 5.779900000000e-02
1.346665833273e+05 5.779900000000e-02
1.358038814423e+05 5.779900000000e-02
1.369507843676e+05 5.779900000000e-02
1.381073732188e+05 5.779900000000e-02
1.392737297962e+05 5.779900000000e-02
1.404499365911e+05 5.779900000000e-02
1.416360767915e+05 5.779900000000e-02
1.428322342878e+05 5.779900000000e-02
1.440384936789e+05 5.779900000000e-02
1.452549402783e+05 5.779900000000e-02
1.464816601199e+05 5.779900000000e-02
1.477187399641e+05 5.779900000000e-02
1.489662673043e+05 5.779900000000e-02
1.502243303724e+05 5.779900000000e-02
1.514930181458e+05 5.779900000000e-02
1.527724203531e+05 5.779900000000e-02
1.540626274809e+05 5.779900000000e-02
1.553637307798e+05 5.779900000000e-02
1.566758222711e+05 5.779900000000e-02
1.579989947533e+05 5.779900000000e-02
1.593333418085e+05 5.779900000000e-02
1.606789578092e+05 5.779900000000e-02
1.620359379249e+05 5.779900000000e-02
1.634043781289e+05 5.779900000000e-02
1.647843752049e+05 5.779900000000e-02
1.661760267539e+05 5.779900000000e-02
1.675794312015e+05 5.779900000000e-02
1.689946878041e+05 5.779900000000e-02
1.704218966567e+05 5.779900000000e-02
1.718611586995e+05 5.779900000000e-02
1.733125757251e+05 5.779900000000e-02
1.747762503859e+05 5.779900000000e-02
1.762522862011e+05 5.779900000000e-02
1.777407875642e+05 5.779900000000e-02
1.792418597504e+05 5.779900000000e-02
1.807556089240e+05 5.779900000000e-02
1.822821421456e+05 5.779900000000e-02
1.838215673804e+05 5.779900000000e-02
1.853739935050e+05 5.779900000000e-02
1.869395303157e+05 5.779900000000e-02
1.885182885361e+05 5.779900000000e-02
1.901103798247e+05 5.779900000000e-02
1.917159167832e+05 5.779900000000e-02
1.933350129641e+05 5.779900000000e-02
1.949677828790e+05 5.779900000000e-02
1.966143420065e+05 5.779900000000e-02
1.982748068004e+05 5.779900000000e-02
1.999492946982e+05 5.779900000000e-02
2.016379241289e+05 5.779900000000e-02
2.033408145220e+05 5.779900000000e-02
2.050580863153e+05 5.779900000000e-02
2.067898609639e+05 5.779900000000e-02
2.085362609486e+05 5.779900000000e-02
2.102974097846e+05 5.779900000000e-02
2.120734320302e+05 5.779900000000e-02
2.138644532956e+05 5.779900000000e-02
2.156706002519e+05 5.779900000000e-02
2.174920006398e+05 5.779900000000e-02
2.193287832791e+05 5.779900000000e-02
2.211810780772e+05 5.779900000000e-02
2.230490160388e+05 5.779900000000e-02
2.249327292750e+05 5.779900000000e-02
2.268323510124e+05 5.779900000000e-02
2.287480156030e+05 5.779900000000e-02
2.306798585333e+05 5.779900000000e-02
2.326280164339e+05 5.779900000000e-02
2.345926270897e+05 5.779900000000e-02
2.365738294487e+05 5.779900000000e-02
2.385717636327e+05 5.779900000000e-02
2.405865709469e+05 5.779900000000e-02
2.426183938896e+05 5.779900000000e-02
2.446673761627e+05 5.779900000000e-02
2.467336626818e+05 5.779900000000e-02
2.488173995862e+05 5.779900000000e-02
2.509187342493e+05 5.779900000000e-02
2.530378152894e+05 5.779900000000e-02
2.551747925798e+05 5.779900000000e-02
2.573298172594e+05 5.779900000000e-02
2.595030417435e+05 5.779900000000e-02
2.616946197349e+05 5.779900000000e-02
2.639047062342e+05 5.779900000000e-02
2.661334575511e+05 5.779900000000e-02
2.683810313153e+05 5.779900000000e-02
2.706475864878e+05 5.779900000000e-02
2.729332833720e+05 5.779900000000e-02
2.752382836254e+05 5.779900000000e-02
2.775627502703e+05 5.779900000000e-02
2.799068477061e+05 5.779900000000e-02
2.822707417204e+05 5.779900000000e-02
2.846545995011e+05 5.779900000000e-02
2.870585896479e+05 5.779900000000e-02
2.894828821845e+05 5.779900000000e-02
2.919276485703e+05 5.779900000000e-02
2.943930617130e+05 5.779900000000e-02
2.968792959804e+05 5.779900000000e-02
2.993865272129e+05 5.779900000000e-02
3.019149327358e+05 5.779900000000e-02
3.044646913722e+05 5.779900000000e-02
3.070359834553e+05 5.779900000000e-02
3.096289908412e+05 5.779900000000e-02
3.122438969220e+05 5.779900000000e-02
3.148808866384e+05 5.779900000000e-02
3.175401464930e+05 5.779900000000e-02
3.202218645637e+05 5.779900000000e-02
3.229262305165e+05 5.779900000000e-02
3.256534356194e+05 5.779900000000e-02
3.284036727555e+05 5.779900000000e-02
3.311771364369e+05 5.779900000000e-02
3.339740228187e+05 5.779900000000e-02
3.367945297121e+05 5.779900000000e-02
3.396388565994e+05 5.779900000000e-02
3.425072046470e+05 5.779900000000e-02
3.453997767208e+05 5.779900000000e-02
3.483167773995e+05 5.779900000000e-02
3.512584129898e+05 5.779900000000e-02
3.542248915406e+05 5.779900000000e-02
3.572164228579e+05 5.779900000000e-02
3.602332185195e+05 5.779900000000e-02
3.632754918901e+05 5.779900000000e-02
3.663434581363e+05 5.779900000000e-02
3.694373342418e+05 5.779900000000e-02
3.725573390228e+05 5.779900000000e-02
3.757036931435e+05 5.779900000000e-02
3.788766191318e+05 5.779900000000e-02
3.820763413947e+05 5.779900000000e-02
3.853030862344e+05 5.779900000000e-02
3.885570818644e+05 5.779900000000e-02
3.918385584255e+05 5.779900000000e-02
3.951477480021e+05 5.779900000000e-02
3.984848846386e+05 5.779900000000e-02
4.018502043559e+05 5.779900000000e-02
4.052439451683e+05 5.779900000000e-02
4.086663471001e+05 5.779900000000e-02
4.121176522028e+05 5.779900000000e-02
4.155981045720e+05 5.779900000000e-02
4.191079503647e+05 5.779900000000e-02
4.226474378168e+05 5.779900000000e-02
4.262168172608e+05 5.779900000000e-02
4.298163411430e+05 5.779900000000e-02
4.334462640421e+05 5.779900000000e-02
4.371068426864e+05 5.779900000000e-02
4.407983359725e+05 5.779900000000e-02
4.445210049835e+05 5.779900000000e-02
4.482751130074e+05 5.779900000000e-02
4.520609255558e+05 5.779900000000e-02
4.558787103823e+05 5.779900000000e-02
4.597287375023e+05 5.779900000000e-02
4.636112792111e+05 5.779900000000e-02
4.675266101038e+05 5.779900000000e-02
4.714750070945e+05 5.779900000000e-02
4.754567494360e+05 5.779900000000e-02
4.794721187393e+05 5.779900000000e-02
4.835213989938e+05 5.779900000000e-02
4.876048765873e+05 5.779900000000e-02
4.917228403262e+05 5.779900000000e-02
4.958755814559e+05 5.779900000000e-02
5.000633936815e+05 5.779900000000e-02
5.042865731885e+05 5.779900000000e-02
5.085454186638e+05 5.779900000000e-02
5.128402313169e+05 5.779900000000e-02
5.171713149007e+05 5.779900000000e-02
5.215389757340e+05 5.779900000000e-02
5.259435227219e+05 5.779900000000e-02
5.303852673788e+05 5.779900000000e-02
5.348645238498e+05 5.779900000000e-02
5.393816089328e+05 5.779900000000e-02
5.439368421014e+05 5.779900000000e-02
5.485305455272e+05 5.779900000000e-02
5.531630441026e+05 5.779900000000e-02
5.578346654639e+05 5.779900000000e-02
5.625457400141e+05 5.779900000000e-02
5.672966009470e+05 5.779900000000e-02
5.720875842699e+05 5.779900000000e-02
5.769190288280e+05 5.779900000000e-02
5.817912763281e+05 5.779900000000e-02
5.867046713628e+05 5.779900000000e-02
5.916595614349e+05 5.779900000000e-02
5.966562969819e+05 5.779900000000e-02
6.016952314010e+05 5.779900000000e-02
6.067767210738e+05 5.779900000000e-02
6.119011253916e+05 5.779900000000e-02
6.170688067811e+05 5.779900000000e-02
6.222801307295e+05 5.779900000000e-02
6.275354658109e+05 5.779900000000e-02
6.328351837119e+05 5.779900000000e-02
6.381796592583e+05 5.779900000000e-02
6.435692704412e+05 5.779900000000e-02
6.490043984443e+05 5.779900000000e-02
6.544854276700e+05 5.779900000000e-02
6.600127457674e+05 5.779900000000e-02
6.655867436595e+05 5.779900000000e-02
6.712078155706e+05 5.779900000000e-02
6.768763590542e+05 5.779900000000e-02
6.825927750216e+05 5.779900000000e-02
6.883574677697e+05 5.779900000000e-02
6.941708450097e+05 5.779900000000e-02
7.000333178962e+05 5.779900000000e-02
7.059453010562e+05 5.779900000000e-02
7.119072126182e+05 5.779900000000e-02
7.179194742418e+05 5.779900000000e-02
7.239825111480e+05 5.779900000000e-02
7.300967521485e+05 5.779900000000e-02
7.362626296768e+05 5.779900000000e-02
7.424805798182e+05 5.779900000000e-02
7.487510423409e+05 5.779900000000e-02
7.550744607271e+05 5.779900000000e-02
7.614512822043e+05 5.779900000000e-02
7.678819577771e+05 5.779900000000e-02
7.743669422588e+05 5.779900000000e-02
7.809066943038e+05 5.779900000000e-02
7.875016764400e+05 5.779900000000e-02
7.941523551014e+05 5.779900000000e-02
8.008592006611e+05 5.779900000000e-02
8.076226874650e+05 5.779900000000e-02
8.144432938645e+05 5.779900000000e-02
8.213215022511e+05 5.779900000000e-02
8.282577990903e+05 5.779900000000e-02
8.352526749558e+05 5.779900000000e-02
8.423066245642e+05 5.779900000000e-02
8.494201468104e+05 5.779900000000e-02
8.565937448026e+05 5.779900000000e-02
8.638279258976e+05 5.779900000000e-02
8.711232017373e+05 5.779900000000e-02
8.784800882844e+05 5.779900000000e-02
8.858991058591e+05 5.779900000000e-02
8.933807791758e+05 5.779900000000e-02
9.009256373802e+05 5.779900000000e-02
9.085342140871e+05 5.779900000000e-02
9.162070474176e+05 5.779900000000e-02
9.239446800372e+05 5.779900000000e-02
9.317476591948e+05 5.779900000000e-02
9.396165367606e+05 5.779900000000e-02
9.475518692657e+05 5.779900000000e-02
9.555542179413e+05 5.779900000000e-02
9.636241487581e+05 5.779900000000e-02
9.717622324670e+05 5.779900000000e-02
9.799690446386e+05 5.779900000000e-02
9.882451657047e+05 5.779900000000e-02
9.965911809988e+05 5.779900000000e-02
1.005007680798e+06 5.779900000000e-02
1.013495260364e+06 5.779900000000e-02
1.022054519986e+06 5.779900000000e-02
1.030686065023e+06 5.779900000000e-02
1.039390505946e+06 5.779900000000e-02
1.048168458381e+06 5.779900000000e-02
1.057020543156e+06 5.779900000000e-02
1.065947386337e+06 5.779900000000e-02
1.074949619283e+06 5.779900000000e-02
1.084027878681e+06 5.779900000000e-02
1.093182806596e+06 5.779900000000e-02
1.102415050517e+06 5.779900000000e-02
1.111725263399e+06 5.779900000000e-02
1.121114103712e+06 5.779900000000e-02
1.130582235488e+06 5.779900000000e-02
1.140130328367e+06 5.779900000000e-02
1.149759057642e+06 5.779900000000e-02
1.159469104311e+06 5.779900000000e-02
1.169261155123e+06 5.779900000000e-02
1.179135902628e+06 5.779900000000e-02
1.189094045221e+06 5.779900000000e-02
1.199136287199e+06 5.779900000000e-02
1.209263338805e+06 5.779900000000e-02
1.219475916281e+06 5.779900000000e-02
1.229774741918e+06 5.779900000000e-02
1.240160544107e+06 5.779900000000e-02
1.250634057388e+06 5.779900000000e-02
1.261196022508e+06 5.779900000000e-02
1.271847186468e+06 5.779900000000e-02
1.282588302579e+06 5.779900000000e-02
1.293420130510e+06 5.779900000000e-02
1.304343436352e+06 5.779900000000e-02
1.315358992659e+06 5.779900000000e-02
1.326467578515e+06 5.779900000000e-02
1.337669979581e+06 5.779900000000e-02
1.348966988153e+06 5.779900000000e-02
1.360359403219e+06 5.779900000000e-02
1.371848030514e+06 5.779900000000e-02
1.383433682578e+06 5.779900000000e-02
1.395117178813e+06 5.779900000000e-02
1.406899345542e+06 5.779900000000e-02
1.418781016066e+06 5.779900000000e-02
1.430763030722e+06 5.779900000000e-02
1.442846236945e+06 5.779900000000e-02
1.455031489329e+06 5.779900000000e-02
1.467319649681e+06 5.779900000000e-02
1.479711587089e+06 5.779900000000e-02
1.492208177981e+06 5.779900000000e-02
1.504810306186e+06 5.779900000000e-02
1.517518862995e+06 5.779900000000e-02
1.530334747231e+06 5.779900000000e-02
1.543258865302e+06 5.779900000000e-02
1.556292131277e+06 5.779900000000e-02
1.569435466940e+06 5.779900000000e-02
1.582689801861e+06 5.779900000000e-02
1.596056073461e+06 5.779900000000e-02
1.609535227077e+06 5.779900000000e-02
1.623128216032e+06 5.779900000000e-02
1.636836001696e+06 5.779900000000e-02
1.650659553562e+06 5.779900000000e-02
1.664599849308e+06 5.779900000000e-02
1.678657874870e+06 5.779900000000e-02
1.692834624510e+06 5.779900000000e-02
1.707131100887e+06 5.779900000000e-02
1.721548315129e+06 5.779900000000e-02
1.736087286901e+06 5.779900000000e-02
1.750749044480e+06 5.779900000000e-02
1.765534624828e+06 5.779900000000e-02
1.780445073665e+06 5.779900000000e-02
1.795481445540e+06 5.779900000000e-02
1.810644803910e+06 5.779900000000e-02
1.825936221212e+06 5.779900000000e-02
1.841356778941e+06 5.779900000000e-02
1.856907567726e+06 5.779900000000e-02
1.872589687404e+06 5.779900000000e-02
1.888404247104e+06 5.779900000000e-02
1.904352365318e+06 5.779900000000e-02
1.920435169989e+06 5.779900000000e-02
1.936653798580e+06 5.779900000000e-02
1.953009398166e+06 5.779900000000e-02
1.969503125504e+06 5.779900000000e-02
1.986136147125e+06 5.779900000000e-02
2.002909639407e+06 5.779900000000e-02
2.019824788667e+06 5.779900000000e-02
2.036882791239e+06 5.779900000000e-02
2.054084853559e+06 5.779900000000e-02
2.071432192254e+06 5.779900000000e-02
2.088926034225e+06 5.779900000000e-02
2.106567616734e+06 5.779900000000e-02
2.124358187493e+06 5.779900000000e-02
2.142299004750e+06 5.779900000000e-02
2.160391337380e+06 5.779900000000e-02
2.178636464975e+06 5.779900000000e-02
2.197035677931e+06 5.779900000000e-02
2.215590277545e+06 5.779900000000e-02
2.234301576101e+06 5.779900000000e-02
2.253170896967e+06 5.779900000000e-02
2.272199574687e+06 5.779900000000e-02
2.291388955075e+06 5.779900000000e-02
2.310740395313e+06 5.779900000000e-02
2.330255264041e+06 5.779900000000e-02
2.349934941461e+06 5.779900000000e-02
2.369780819430e+06 5.779900000000e-02
2.389794301559e+06 5.779900000000e-02
2.409976803313e+06 5.779900000000e-02
2.430329752113e+06 5.779900000000e-02
2.450854587432e+06 5.779900000000e-02
2.471552760902e+06 5.779900000000e-02
2.492425736413e+06 5.779900000000e-02
2.513474990219e+06 5.779900000000e-02
2.534702011041e+06 5.779900000000e-02
2.556108300173e+06 5.779900000000e-02
2.577695371587e+06 5.779900000000e-02
2.599464752042e+06 5.779900000000e-02
2.621417981190e+06 5.779900000000e-02
2.643556611687e+06 5.779900000000e-02
2.665882209299e+06 5.779900000000e-02
2.688396353019e+06 5.779900000000e-02
2.711100635173e+06 5.779900000000e-02
2.733996661534e+06 5.779900000000e-02
2.757086051438e+06 5.779900000000e-02
2.780370437895e+06 5.779900000000e-02
2.803851467707e+06 5.779900000000e-02
2.827530801585e+06 5.779900000000e-02
2.851410114264e+06 5.779900000000e-02
2.875491094621e+06 5.779900000000e-02
2.899775445799e+06 5.779900000000e-02
2.924264885323e+06 5.779900000000e-02
2.948961145223e+06 5.779900000000e-02
2.973865972156e+06 5.779900000000e-02
2.998981127533e+06 5.779900000000e-02
3.024308387636e+06 5.779900000000e-02
3.049849543751e+06 5.779900000000e-02
3.075606402292e+06 5.779900000000e-02
3.101580784928e+06 5.779900000000e-02
3.127774528713e+06 5.779900000000e-02
3.154189486215e+06 5.779900000000e-02
3.180827525647e+06 5.779900000000e-02
3.207690531001e+06 5.779900000000e-02
3.234780402178e+06 5.779900000000e-02
3.262099055126e+06 5.779900000000e-02
3.289648421974e+06 5.779900000000e-02
3.317430451166e+06 5.779900000000e-02
3.345447107602e+06 5.779900000000e-02
3.373700372779e+06 5.779900000000e-02
3.402192244923e+06 5.779900000000e-02
3.430924739142e+06 5.779900000000e-02
3.459899887556e+06 5.779900000000e-02
3.489119739451e+06 5.779900000000e-02
3.518586361418e+06 5.779900000000e-02
3.548301837502e+06 5.779900000000e-02
3.578268269346e+06 5.779900000000e-02
3.608487776346e+06 5.779900000000e-02
3.638962495794e+06 5.779900000000e-02
3.669694583032e+06 5.779900000000e-02
3.700686211605e+06 5.779900000000e-02
3.731939573415e+06 5.779900000000e-02
3.763456878875e+06 5.779900000000e-02
3.795240357064e+06 5.779900000000e-02
3.827292255889e+06 5.779900000000e-02
3.859614842238e+06 5.779900000000e-02
3.892210402147e+06 5.779900000000e-02
3.925081240954e+06 5.779900000000e-02
3.958229683471e+06 5.779900000000e-02
3.991658074140e+06 5.779900000000e-02
4.025368777205e+06 5.779900000000e-02
4.059364176874e+06 5.779900000000e-02
4.093646677493e+06 5.779900000000e-02
4.128218703711e+06 5.779900000000e-02
4.163082700657e+06 5.779900000000e-02
4.198241134107e+06 5.779900000000e-02
4.233696490662e+06 5.779900000000e-02
4.269451277923e+06 5.779900000000e-02
4.305508024670e+06 5.779900000000e-02
4.341869281036e+06 5.779900000000e-02
4.378537618694e+06 5.779900000000e-02
4.415515631033e+06 5.779900000000e-02
4.452805933346e+06 5.779900000000e-02
4.490411163011e+06 5.779900000000e-02
4.528333979681e+06 5.779900000000e-02
4.566577065468e+06 5.779900000000e-02
4.605143125140e+06 5.779900000000e-02
4.644034886302e+06 5.779900000000e-02
4.683255099598e+06 5.779900000000e-02
4.722806538901e+06 5.779900000000e-02
4.762692001509e+06 5.779900000000e-02
4.802914308347e+06 5.779900000000e-02
4.843476304161e+06 5.779900000000e-02
4.884380857721e+06 5.779900000000e-02
4.925630862028e+06 5.779900000000e-02
4.967229234511e+06 5.779900000000e-02
5.009178917241e+06 5.779900000000e-02
5.051482877134e+06 5.779900000000e-02
5.094144106163e+06 5.779900000000e-02
5.137165621568e+06 5.779900000000e-02
5.180550466073e+06 5.779900000000e-02
5.224301708095e+06 5.779900000000e-02
5.268422441968e+06 5.779900000000e-02
5.312915788156e+06 5.779900000000e-02
5.357784893479e+06 5.779900000000e-02
5.403032931330e+06 5.779900000000e-02
5.448663101903e+06 5.779900000000e-02
5.494678632421e+06 5.779900000000e-02
5.541082777358e+06 5.779900000000e-02
5.587878818675e+06 5.779900000000e-02
5.635070066051e+06 5.779900000000e-02
5.682659857114e+06 5.779900000000e-02
5.730651557681e+06 5.779900000000e-02
5.779048561993e+06 5.779900000000e-02
5.827854292957e+06 5.779900000000e-02
5.877072202388e+06 5.779900000000e-02
5.926705771251e+06 5.779900000000e-02
5.976758509911e+06 5.779900000000e-02
6.027233958377e+06 5.779900000000e-02
6.078135686555e+06 5.779900000000e-02
6.129467294501e+06 5.779900000000e-02
6.181232412672e+06 5.779900000000e-02
6.233434702188e+06 5.779900000000e-02
6.286077855087e+06 5.779900000000e-02
6.339165594587e+06 5.779900000000e-02
6.392701675349e+06 5.779900000000e-02
6.446689883746e+06 5.779900000000e-02
6.501134038126e+06 5.779900000000e-02
6.556037989083e+06 5.779900000000e-02
6.611405619733e+06 5.779900000000e-02
6.667240845983e+06 5.779900000000e-02
6.723547616815e+06 5.779900000000e-02
6.780329914557e+06 5.779900000000e-02
6.837591755171e+06 5.779900000000e-02
6.895337188535e+06 5.779900000000e-02
6.953570298730e+06 5.779900000000e-02
7.012295204326e+06 5.779900000000e-02
7.071516058679e+06 5.779900000000e-02
7.131237050217e+06 5.779900000000e-02
7.191462402744e+06 5.779900000000e-02
7.252196375733e+06 5.779900000000e-02
7.313443264631e+06 5.779900000000e-02
7.375207401161e+06 5.779900000000e-02
7.437493153628e+06 5.779900000000e-02
7.500304927229e+06 5.779900000000e-02
7.563647164364e+06 5.779900000000e-02
7.627524344950e+06 5.779900000000e-02
7.691940986740e+06 5.779900000000e-02
7.756901645638e+06 5.779900000000e-02
7.822410916026e+06 5.779900000000e-02
7.888473431086e+06 5.779900000000e-02
7.955093863129e+06 5.779900000000e-02
8.022276923924e+06 5.779900000000e-02
8.090027365034e+06 5.779900000000e-02
8.158349978148e+06 5.779900000000e-02
8.227249595425e+06 5.779900000000e-02
8.296731089831e+06 5.779900000000e-02
8.366799375485e+06 5.779900000000e-02
8.437459408010e+06 5.779900000000e-02
8.508716184878e+06 5.779900000000e-02
8.580574745766e+06 5.779900000000e-02
8.653040172915e+06 5.779900000000e-02
8.726117591486e+06 5.779900000000e-02
8.799812169921e+06 5.779900000000e-02
8.874129120314e+06 5.779900000000e-02
8.949073698775e+06 5.779900000000e-02
9.024651205806e+06 5.779900000000e-02
9.100866986668e+06 5.779900000000e-02
9.177726431771e+06 5.779900000000e-02
9.255234977042e+06 5.779900000000e-02
9.333398104320e+06 5.779900000000e-02
9.412221341740e+06 5.779900000000e-02
9.491710264121e+06 5.779900000000e-02
9.571870493365e+06 5.779900000000e-02
9.652707698852e+06 5.779900000000e-02
9.734227597841e+06 5.779900000000e-02
9.816435955876e+06 5.779900000000e-02
9.899338587192e+06 5.779900000000e-02
9.982941355126e+06 5.779900000000e-02
1.006725017253e+07 5.779900000000e-02
1.015227100221e+07 5.779900000000e-02
1.023800985730e+07 5.779900000000e-02
1.032447280173e+07 5.779900000000e-02
1.041166595066e+07 5.779900000000e-02
1.049959547086e+07 5.779900000000e-02
1.058826758121e+07 5.779900000000e-02
1.067768855308e+07 5.779900000000e-02
1.076786471085e+07 5.779900000000e-02
1.085880243226e+07 5.779900000000e-02
1.095050814893e+07 5.779900000000e-02
1.104298834683e+07 5.779900000000e-02
1.113624956665e+07 5.779900000000e-02
1.123029840435e+07 5.779900000000e-02
1.132514151160e+07 5.779900000000e-02
1.142078559623e+07 5.779900000000e-02
1.151723742273e+07 5.779900000000e-02
1.161450381270e+07 5.779900000000e-02
1.171259164538e+07 5.779900000000e-02
1.181150785807e+07 5.779900000000e-02
1.191125944670e+07 5.779900000000e-02
1.201185346624e+07 5.779900000000e-02
1.211329703128e+07 5.779900000000e-02
1.221559731647e+07 5.779900000000e-02
1.231876155705e+07 5.779900000000e-02
1.242279704939e+07 5.779900000000e-02
1.252771115144e+07 5.779900000000e-02
1.263351128333e+07 5.779900000000e-02
1.274020492783e+07 5.779900000000e-02
1.284779963092e+07 5.779900000000e-02
1.295630300228e+07 5.779900000000e-02
1.306572271590e+07 5.779900000000e-02
1.317606651054e+07 5.779900000000e-02
1.328734219033e+07 5.779900000000e-02
1.339955762531e+07 5.779900000000e-02
1.351272075199e+07 5.779900000000e-02
1.362683957389e+07 5.779900000000e-02
1.374192216214e+07 5.779900000000e-02
1.385797665602e+07 5.779900000000e-02
1.397501126356e+07 5.779900000000e-02
1.409303426209e+07 5.779900000000e-02
1.421205399887e+07 5.779900000000e-02
1.433207889163e+07 5.779900000000e-02
1.445311742921e+07 5.779900000000e-02
1.457517817213e+07 5.779900000000e-02
1.469826975321e+07 5.779900000000e-02
1.482240087817e+07 5.779900000000e-02
1.494758032626e+07 5.779900000000e-02
1.507381695088e+07 5.779900000000e-02
1.520111968018e+07 5.779900000000e-02
1.532949751773e+07 5.779900000000e-02
1.545895954312e+07 5.779900000000e-02
1.558951491263e+07 5.779900000000e-02
1.572117285988e+07 5.779900000000e-02
1.585394269644e+07 5.779900000000e-02
1.598783381254e+07 5.779900000000e-02
1.612285567771e+07 5.779900000000e-02
1.625901784145e+07 5.779900000000e-02
1.639632993392e+07 5.779900000000e-02
1.653480166659e+07 5.779900000000e-02
1.667444283295e+07 5.779900000000e-02
1.681526330922e+07 5.779900000000e-02
1.695727305501e+07 5.779900000000e-02
1.710048211403e+07 5.779900000000e-02
1.724490061484e+07 5.779900000000e-02
1.739053877151e+07 5.779900000000e-02
1.753740688441e+07 5.779900000000e-02
1.768551534085e+07 5.779900000000e-02
1.783487461589e+07 5.779900000000e-02
1.798549527307e+07 5.779900000000e-02
1.813738796512e+07 5.779900000000e-02
1.829056343474e+07 5.779900000000e-02
1.844503251535e+07 5.779900000000e-02
1.860080613188e+07 5.779900000000e-02
1.875789530149e+07 5.779900000000e-02
1.891631113443e+07 5.779900000000e-02
1.907606483474e+07 5.779900000000e-02
1.923716770111e+07 5.779900000000e-02
1.939963112761e+07 5.779900000000e-02
1.956346660459e+07 5.779900000000e-02
1.972868571940e+07 5.779900000000e-02
1.989530015725e+07 5.779900000000e-02
2.006332170206e+07 5.779900000000e-02
2.023276223725e+07 5.779900000000e-02
2.040363374661e+07 5.779900000000e-02
2.057594831511e+07 5.779900000000e-02
2.074971812982e+07 5.779900000000e-02
2.092495548070e+07 5.779900000000e-02
2.110167276153e+07 5.779900000000e-02
2.127988247073e+07 5.779900000000e-02
2.145959721230e+07 5.779900000000e-02
2.164082969666e+07 5.779900000000e-02
2.182359274159e+07 5.779900000000e-02
2.200789927313e+07 5.779900000000e-02
2.219376232645e+07 5.779900000000e-02
2.238119504683e+07 5.779900000000e-02
2.257021069056e+07 5.779900000000e-02
2.276082262589e+07 5.779900000000e-02
2.295304433396e+07 5.779900000000e-02
2.314688940976e+07 5.779900000000e-02
2.334237156311e+07 5.779900000000e-02
2.353950461959e+07 5.779900000000e-02
2.373830252156e+07 5.779900000000e-02
2.393877932911e+07 5.779900000000e-02
2.414094922110e+07 5.779900000000e-02
2.434482649610e+07 5.779900000000e-02
2.455042557345e+07 5.779900000000e-02
2.475776099428e+07 5.779900000000e-02
2.496684742251e+07 5.779900000000e-02
2.517769964589e+07 5.779900000000e-02
2.539033257708e+07 5.779900000000e-02
2.560476125466e+07 5.779900000000e-02
2.582100084424e+07 5.779900000000e-02
2.603906663949e+07 5.779900000000e-02
2.625897406323e+07 5.779900000000e-02
2.648073866856e+07 5.779900000000e-02
2.670437613991e+07 5.779900000000e-02
2.692990229417e+07 5.779900000000e-02
2.715733308180e+07 5.779900000000e-02
2.738668458801e+07 5.779900000000e-02
2.761797303379e+07 5.779900000000e-02
2.785121477717e+07 5.779900000000e-02
2.808642631430e+07 5.779900000000e-02
2.832362428067e+07 5.779900000000e-02
2.856282545223e+07 5.779900000000e-02
2.880404674665e+07 5.779900000000e-02
2.904730522443e+07 5.779900000000e-02
2.929261809017e+07 5.779900000000e-02
2.954000269378e+07 5.779900000000e-02
2.978947653168e+07 5.779900000000e-02
3.004105724805e+07 5.779900000000e-02
3.029476263609e+07 5.779900000000e-02
3.055061063927e+07 5.779900000000e-02
3.080861935258e+07 5.779900000000e-02
3.106880702385e+07 5.779900000000e-02
3.133119205500e+07 5.779900000000e-02
3.159579300338e+07 5.779900000000e-02
3.186262858304e+07 5.779900000000e-02
3.213171766609e+07 5.779900000000e-02
3.240307928401e+07 5.779900000000e-02
3.267673262902e+07 5.779900000000e-02
3.295269705541e+07 5.779900000000e-02
3.323099208093e+07 5.779900000000e-02
3.351163738816e+07 5.779900000000e-02
3.379465282590e+07 5.779900000000e-02
3.408005841061e+07 5.779900000000e-02
3.436787432774e+07 5.779900000000e-02
3.465812093326e+07 5.779900000000e-02
3.495081875503e+07 5.779900000000e-02
3.524598849428e+07 5.779900000000e-02
3.554365102706e+07 5.779900000000e-02
3.584382740573e+07 5.779900000000e-02
3.614653886045e+07 5.779900000000e-02
3.645180680066e+07 5.779900000000e-02
3.675965281663e+07 5.779900000000e-02
3.707009868093e+07 5.779900000000e-02
3.738316635005e+07 5.779900000000e-02
3.769887796589e+07 5.779900000000e-02
3.801725585732e+07 5.779900000000e-02
3.833832254182e+07 5.779900000000e-02
3.866210072702e+07 5.779900000000e-02
3.898861331233e+07 5.779900000000e-02
3.931788339054e+07 5.779900000000e-02
3.964993424948e+07 5.779900000000e-02
3.998478937363e+07 5.779900000000e-02
4.032247244584e+07 5.779900000000e-02
4.066300734893e+07 5.779900000000e-02
4.100641816743e+07 5.779900000000e-02
4.135272918929e+07 5.779900000000e-02
4.170196490756e+07 5.779900000000e-02
4.205415002214e+07 5.779900000000e-02
4.240930944153e+07 5.779900000000e-02
4.276746828460e+07 5.779900000000e-02
4.312865188233e+07 5.779900000000e-02
4.349288577967e+07 5.779900000000e-02
4.386019573726e+07 5.779900000000e-02
4.423060773332e+07 5.779900000000e-02
4.460414796547e+07 5.779900000000e-02
4.498084285255e+07 5.779900000000e-02
4.536071903653e+07 5.779900000000e-02
4.574380338440e+07 5.779900000000e-02
4.613012299000e+07 5.779900000000e-02
4.651970517604e+07 5.779900000000e-02
4.691257749594e+07 5.779900000000e-02
4.730876773583e+07 5.779900000000e-02
4.770830391650e+07 5.779900000000e-02
4.811121429538e+07 5.779900000000e-02
4.851752736856e+07 5.779900000000e-02
4.892727187277e+07 5.779900000000e-02
4.934047678742e+07 5.779900000000e-02
4.975717133669e+07 5.779900000000e-02
5.017738499154e+07 5.779900000000e-02
5.060114747183e+07 5.779900000000e-02
5.102848874843e+07 5.779900000000e-02
5.145943904529e+07 5.779900000000e-02
5.189402884164e+07 5.779900000000e-02
5.233228887408e+07 5.779900000000e-02
5.277425013884e+07 5.779900000000e-02
5.321994389387e+07 5.779900000000e-02
5.366940166114e+07 5.779900000000e-02
5.412265522881e+07 5.779900000000e-02
5.457973665352e+07 5.779900000000e-02
5.504067826262e+07 5.779900000000e-02
5.550551265647e+07 5.779900000000e-02
5.597427271078e+07 5.779900000000e-02
5.644699157886e+07 5.779900000000e-02
5.692370269406e+07 5.779900000000e-02
5.740443977203e+07 5.779900000000e-02
5.788923681321e+07 5.779900000000e-02
5.837812810514e+07 5.779900000000e-02
5.887114822497e+07 5.779900000000e-02
5.936833204182e+07 5.779900000000e-02
5.986971471932e+07 5.779900000000e-02
6.037533171806e+07 5.779900000000e-02
6.088521879811e+07 5.779900000000e-02
6.139941202152e+07 5.779900000000e-02
6.191794775493e+07 5.779900000000e-02
6.244086267208e+07 5.779900000000e-02
6.296819375643e+07 5.779900000000e-02
6.349997830380e+07 5.779900000000e-02
6.403625392497e+07 5.779900000000e-02
6.457705854834e+07 5.779900000000e-02
6.512243042265e+07 5.779900000000e-02
6.567240811965e+07 5.779900000000e-02
6.622703053683e+07 5.779900000000e-02
6.678633690020e+07 5.779900000000e-02
6.735036676703e+07 5.779900000000e-02
6.791916002867e+07 5.779900000000e-02
6.849275691337e+07 5.779900000000e-02
6.907119798910e+07 5.779900000000e-02
6.965452416646e+07 5.779900000000e-02
7.024277670154e+07 5.779900000000e-02
7.083599719884e+07 5.779900000000e-02
7.143422761424e+07 5.779900000000e-02
7.203751025795e+07 5.779900000000e-02
7.264588779748e+07 5.779900000000e-02
7.325940326070e+07 5.779900000000e-02
7.387810003886e+07 5.779900000000e-02
7.450202188966e+07 5.779900000000e-02
7.513121294034e+07 5.779900000000e-02
7.576571769081e+07 5.779900000000e-02
7.640558101680e+07 5.779900000000e-02
7.705084817302e+07 5.779900000000e-02
7.770156479638e+07 5.779900000000e-02
7.835777690920e+07 5.779900000000e-02
7.901953092247e+07 5.779900000000e-02
7.968687363914e+07 5.779900000000e-02
8.035985225742e+07 5.779900000000e-02
8.103851437412e+07 5.779900000000e-02
8.172290798803e+07 5.779900000000e-02
8.241308150329e+07 5.779900000000e-02
8.310908373283e+07 5.779900000000e-02
8.381096390183e+07 5.779900000000e-02
8.451877165118e+07 5.779900000000e-02
8.523255704100e+07 5.779900000000e-02
8.595237055420e+07 5.779900000000e-02
8.667826310001e+07 5.779900000000e-02
8.741028601761e+07 5.779900000000e-02
8.814849107976e+07 5.779900000000e-02
8.889293049645e+07 5.779900000000e-02
8.964365691861e+07 5.779900000000e-02
9.040072344181e+07 5.779900000000e-02
9.116418361003e+07 5.779900000000e-02
9.193409141944e+07 5.779900000000e-02
9.271050132223e+07 5.779900000000e-02
9.349346823046e+07 5.779900000000e-02
9.428304751993e+07 5.779900000000e-02
9.507929503410e+07 5.779900000000e-02
9.588226708805e+07 5.779900000000e-02
9.669202047246e+07 5.779900000000e-02
9.750861245762e+07 5.779900000000e-02
9.833210079748e+07 5.779900000000e-02
9.916254373375e+07 5.779900000000e-02
1.000000000000e+08 5.779900000000e-02
